0 0.808577 0.23102 -0.479142 -0.292651
0.290888 0.81558 0.0396568 -0.538538 -0.180603
0.581776 0.754057 -0.155039 -0.552686 -0.053381
0.872665 0.629178 -0.336708 -0.520396 0.0783266
1.16355 0.451434 -0.490086 -0.444382 0.203453
1.45444 0.23576 -0.602287 -0.331031 0.311485
1.74533 0.000277584 -0.663883 -0.189867 0.393346
2.03622 -0.235228 -0.669699 -0.032749 0.442158
2.32711 -0.45097 -0.619246 0.12712 0.453819
2.61799 -0.628821 -0.516764 0.276308 0.42735
2.90888 -0.753837 -0.370863 0.402281 0.364974
3.19977 -0.815516 -0.193801 0.494454 0.271933
3.49066 -0.808674 -0.000455856 0.545082 0.156044
3.78155 -0.733886 0.192927 0.549911 0.0270435
4.07243 -0.597437 0.370101 0.508537 -0.104229
4.36332 -0.41079 0.516178 0.424435 -0.226744
4.65421 -0.189629 0.618885 0.304671 -0.330208
4.9451 0.0474657 0.669593 0.159309 -0.405927
5.23599 0.280572 0.664041 0.00056137 -0.44754
5.52688 0.490104 0.602696 -0.158234 -0.45155
5.81776 0.658458 0.490712 -0.303734 -0.417621
6.10865 0.771486 0.337497 -0.423714 -0.348603
6.39954 0.819694 0.155926 -0.508093 -0.250294
6.69043 0.799031 -0.0387466 -0.549782 -0.130956
6.98132 0.711232 -0.230164 -0.545277 -0.000614818
7.27221 0.563675 -0.402242 -0.494958 0.129778
7.56309 0.368757 -0.540523 -0.403052 0.249267
7.85398 0.142856 -0.63339 -0.277281 0.347812
8.14487 -0.0950485 -0.673038 -0.128213 0.417134
8.43576 -0.324966 -0.656137 0.0316278 0.451407
8.72665 -0.52758 -0.584107 0.188811 0.447753
9.01754 -0.685867 -0.462999 0.330131 0.406479
9.30842 -0.786526 -0.30299 0.443712 0.331051
9.59931 -0.8211 -0.117523 0.520012 0.227808
9.8902 -0.786685 0.0778177 0.552621 0.105425
10.1811 -0.686172 0.266621 0.538797 -0.0258164
10.472 -0.528005 0.433022 0.479703 -0.154889
10.7629 -0.325476 0.56304 0.380304 -0.270947
11.0538 -0.0955994 0.645751 0.248952 -0.36424
11.3446 0.142309 0.674205 0.0966825 -0.426929
11.6355 0.368261 0.646012 -0.0637104 -0.453748
11.9264 0.563271 0.563541 -0.21875 -0.442442
12.2173 0.710955 0.43372 -0.355411 -0.393961
12.5082 0.798903 0.267457 -0.462209 -0.31238
12.7991 0.819727 0.0787228 -0.530172 -0.204552
13.09 0.771676 -0.116626 -0.55359 -0.0795375
13.3809 0.658789 -0.302176 -0.530494 0.0521598
13.6717 0.490549 -0.462336 -0.462826 0.179475
13.9626 0.281093 -0.583651 -0.35627 0.29171
14.2535 0.0480194 -0.655927 -0.219781 0.379435
14.5444 -0.189089 -0.673091 -0.0648254 0.43528
14.8353 -0.41031 -0.633701 0.095577 0.454552
15.1262 -0.597056 -0.541067 0.247949 0.435632
15.4171 -0.733637 -0.402973 0.379488 0.38011
15.708 -0.808577 -0.23102 0.479142 0.292651
15.9989 -0.81558 -0.0396563 0.538538 0.180603
16.2897 -0.754057 0.155039 0.552685 0.0533808
16.5806 -0.629177 0.336708 0.520396 -0.0783269
16.8715 -0.451433 0.490086 0.444382 -0.203453
17.1624 -0.23576 0.602287 0.331031 -0.311486
17.4533 -0.000277184 0.663883 0.189866 -0.393346
17.7442 0.235229 0.669699 0.0327486 -0.442158
18.0351 0.45097 0.619246 -0.12712 -0.453819
18.326 0.628821 0.516764 -0.276309 -0.42735
18.6168 0.753837 0.370862 -0.402281 -0.364974
18.9077 0.815516 0.193801 -0.494454 -0.271933
19.1986 0.808674 0.000455489 -0.545082 -0.156043
19.4895 0.733886 -0.192928 -0.549911 -0.0270432
19.7804 0.597437 -0.370101 -0.508537 0.104229
20.0713 0.41079 -0.516178 -0.424435 0.226745
20.3622 0.189628 -0.618886 -0.304671 0.330209
20.6531 -0.0474661 -0.669593 -0.159309 0.405931
20.944 -0.280572 -0.664041 -0.000561177 0.447547
21.2348 -0.490105 -0.602696 0.158234 0.451566
21.5257 -0.658458 -0.490712 0.303734 0.417653
21.8166 -0.771487 -0.337497 0.423714 0.348667
22.1075 -0.819695 -0.155926 0.508093 0.250421
22.3984 -0.799031 0.0387469 0.549783 0.131199
22.6893 -0.711232 0.230164 0.54528 0.0010673
22.9802 -0.563675 0.402242 0.494964 -0.128959
23.2711 -0.368757 0.540524 0.403067 -0.247827
23.5619 -0.142855 0.63339 0.277315 -0.345352
23.8528 0.0950488 0.673038 0.128286 -0.413055
24.1437 0.324967 0.656137 -0.031472 -0.444845
24.4346 0.527581 0.584107 -0.188492 -0.437518
24.7255 0.685867 0.463 -0.329499 -0.391013
25.0164 0.786526 0.302993 -0.442507 -0.308437
25.3073 0.8211 0.117533 -0.517791 -0.195841
25.5982 0.786685 -0.0777927 -0.548673 -0.0617968
25.8891 0.686171 -0.266557 -0.532036 0.083203
26.1799 0.528005 -0.432867 -0.468557 0.227478
26.4708 0.325475 -0.562684 -0.362629 0.358975
26.7617 0.0955987 -0.64497 -0.222021 0.466123
27.0526 -0.14231 -0.672567 -0.057308 0.538699
27.3435 -0.36826 -0.642737 0.118872 0.568643
27.6344 -0.563265 -0.557309 0.29266 0.550793
27.9253 -0.710931 -0.422446 0.449886 0.483474
28.2162 -0.798826 -0.248089 0.577011 0.36889
28.507 -0.819493 -0.0471688 0.662065 0.213257
28.7979 -0.771018 0.16531 0.695583 0.02663
29.0888 -0.657074 0.373206 0.67147 -0.177592
29.3797 -0.486417 0.560156 0.587739 -0.383497
29.6706 -0.271917 0.710495 0.447037 -0.573766
29.9615 -0.0292826 0.810228 0.256856 -0.731014
30.2524 0.224186 0.84808 0.0293624 -0.839236
30.5433 0.470526 0.816616 -0.219191 -0.885276
30.8342 0.691624 0.713258 -0.469477 -0.860167
31.125 0.86961 0.541056 -0.700454 -0.760229
