0 0.79667 0.229788 -0.455923 -0.282127
0.290888 0.804563 0.0440709 -0.514665 -0.177336
0.581776 0.744857 -0.145349 -0.530164 -0.057645
0.872665 0.622567 -0.322557 -0.501119 0.0668894
1.16355 0.447968 -0.472664 -0.429968 0.185804
1.45444 0.235731 -0.583056 -0.322692 0.289107
1.74533 0.00368682 -0.64446 -0.188303 0.368118
2.03622 -0.228667 -0.651716 -0.0380918 0.416201
2.32711 -0.441808 -0.604214 0.11532 0.429313
2.61799 -0.617828 -0.505945 0.259042 0.406354
2.90888 -0.741937 -0.365166 0.380999 0.349253
3.19977 -0.803708 -0.193706 0.470944 0.262808
3.49066 -0.79795 -0.00596993 0.52132 0.154281
3.78155 -0.725149 0.182267 0.527894 0.0327908
4.07243 -0.591419 0.35519 0.490114 -0.0914542
4.36332 -0.407998 0.49827 0.411154 -0.208015
4.65421 -0.190296 0.599484 0.297649 -0.307098
4.9451 0.0433941 0.650329 0.159135 -0.380379
5.23599 0.273438 0.646533 0.00724981 -0.4217
5.52688 0.480508 0.588414 -0.145244 -0.427589
5.81776 0.647205 0.480857 -0.285535 -0.397552
6.10865 0.759523 0.332897 -0.401834 -0.334112
6.39954 0.808026 0.156967 -0.484371 -0.242599
6.69043 0.788637 -0.0321516 -0.526211 -0.130704
6.98132 0.702986 -0.218569 -0.523838 -0.00782602
7.27221 0.55827 -0.386622 -0.477451 0.115709
7.56309 0.366647 -0.52219 -0.390949 0.229522
7.85398 0.144218 -0.613884 -0.271599 0.324051
8.14487 -0.0903282 -0.653998 -0.129429 0.391352
8.43576 -0.317285 -0.639164 0.0236164 0.425772
8.72665 -0.517583 -0.570625 0.174677 0.424418
9.01754 -0.674393 -0.454143 0.311061 0.387403
9.30842 -0.77454 -0.299502 0.42131 0.317839
9.59931 -0.80961 -0.119698 0.496159 0.22157
9.8902 -0.776655 0.0701642 0.529321 0.106684
10.1811 -0.678445 0.254131 0.518009 -0.0171655
10.472 -0.523232 0.416745 0.463173 -0.139573
10.7629 -0.324055 0.544344 0.369421 -0.250253
11.0538 -0.0976517 0.626206 0.244629 -0.339907
11.3446 0.136957 0.655454 0.0992842 -0.401001
11.6355 0.360058 0.62963 -0.0544029 -0.428403
11.9264 0.552906 0.550905 -0.203519 -0.41981
12.2173 0.699299 0.425891 -0.335535 -0.375944
12.5082 0.786936 0.265094 -0.43936 -0.300491
12.7991 0.808455 0.0820228 -0.506269 -0.199791
13.09 0.762045 -0.10794 -0.53064 -0.0823034
13.3809 0.651608 -0.288833 -0.510427 0.042099
13.6717 0.486423 -0.445458 -0.447327 0.162964
13.9626 0.280367 -0.564655 -0.346643 0.270137
14.2535 0.0507548 -0.63641 -0.216833 0.354613
14.5444 -0.183122 -0.654692 -0.0688041 0.409293
14.8353 -0.401612 -0.617967 0.0850054 0.429585
15.1262 -0.586359 -0.52932 0.231673 0.413782
15.4171 -0.721839 -0.396198 0.358874 0.363213
15.708 -0.79667 -0.229788 0.455923 0.282127
15.9989 -0.804563 -0.0440706 0.514665 0.177336
16.2897 -0.744857 0.14535 0.530164 0.0576447
16.5806 -0.622566 0.322558 0.501118 -0.0668898
16.8715 -0.447968 0.472664 0.429968 -0.185804
17.1624 -0.23573 0.583057 0.322692 -0.289107
17.4533 -0.00368629 0.64446 0.188302 -0.368119
17.7442 0.228667 0.651716 0.0380913 -0.416201
18.0351 0.441808 0.604213 -0.11532 -0.429313
18.326 0.617828 0.505944 -0.259042 -0.406354
18.6168 0.741937 0.365166 -0.380999 -0.349253
18.9077 0.803708 0.193705 -0.470944 -0.262808
19.1986 0.79795 0.00596945 -0.52132 -0.15428
19.4895 0.725148 -0.182268 -0.527894 -0.0327904
19.7804 0.591419 -0.355191 -0.490114 0.0914548
20.0713 0.407997 -0.49827 -0.411154 0.208016
20.3622 0.190296 -0.599484 -0.297649 0.307101
20.6531 -0.0433946 -0.65033 -0.159134 0.380384
20.944 -0.273439 -0.646533 -0.00724957 0.421709
21.2348 -0.480509 -0.588414 0.145244 0.427609
21.5257 -0.647206 -0.480857 0.285535 0.397593
21.8166 -0.759524 -0.332897 0.401834 0.334193
22.1075 -0.808026 -0.156967 0.484372 0.242755
22.3984 -0.788637 0.032152 0.526212 0.130996
22.6893 -0.702986 0.218569 0.523841 0.00836083
22.9802 -0.558269 0.386622 0.477458 -0.114758
23.2711 -0.366646 0.522191 0.390965 -0.227878
23.5619 -0.144218 0.613884 0.271636 -0.321285
23.8528 0.0903286 0.653998 0.12951 -0.386831
24.1437 0.317285 0.639163 -0.0234444 -0.418592
24.4346 0.517583 0.570625 -0.174327 -0.41335
24.7255 0.674393 0.454143 -0.310374 -0.370858
25.0164 0.77454 0.299504 -0.420008 -0.29387
25.3073 0.80961 0.119704 -0.493778 -0.18796
25.5982 0.776655 -0.070145 -0.525119 -0.0611321
25.8891 0.678444 -0.254078 -0.51086 0.0767361
26.1799 0.52323 -0.41661 -0.451454 0.214569
26.4708 0.324054 -0.54402 -0.350929 0.340861
26.7617 0.0976506 -0.625475 -0.216569 0.444482
27.0526 -0.136958 -0.653887 -0.0583847 0.515499
27.3435 -0.360061 -0.626446 0.111578 0.545962
27.6344 -0.552911 -0.544767 0.280034 0.530617
27.9253 -0.699305 -0.414668 0.433311 0.467498
28.2162 -0.78693 -0.245637 0.558241 0.358337
28.507 -0.808378 -0.0500688 0.643053 0.208741
28.7979 -0.761712 0.157605 0.678271 0.0280837
29.0888 -0.650505 0.361797 0.657565 -0.170923
29.3797 -0.483326 0.546612 0.578505 -0.37297
29.6706 -0.272733 0.696685 0.443122 -0.561193
29.9615 -0.0339518 0.798087 0.258185 -0.718438
30.2524 0.21638 0.839342 0.0351195 -0.828681
30.5433 0.461049 0.812538 -0.210493 -0.87847
30.8342 0.68255 0.714407 -0.459829 -0.858295
31.125 0.863227 0.547166 -0.692115 -0.76373
