0 0.987688 0.309017 -0.891006 -0.587785
0.290888 0.991061 0.0232689 -0.983781 -0.331063
0.581776 0.911164 -0.264434 -0.993897 -0.0465252
0.872665 0.75471 -0.529919 -0.920505 0.241922
1.16355 0.534844 -0.75088 -0.769771 0.510042
1.45444 0.27004 -0.908751 -0.55436 0.735309
1.74533 -0.0174526 -0.990268 -0.292372 0.898794
2.03622 -0.303479 -0.988582 -0.00581768 0.986761
2.32711 -0.564007 -0.903834 0.281225 0.99182
2.61799 -0.777146 -0.743145 0.544639 0.913546
2.90888 -0.924989 -0.520016 0.762292 0.758513
3.19977 -0.995113 -0.253195 0.915896 0.539751
3.49066 -0.981627 0.0349 0.992546 0.275638
3.78155 -0.885664 0.320062 0.985801 -0.0116355
4.07243 -0.715286 0.578332 0.896228 -0.29793
4.36332 -0.484809 0.788011 0.731354 -0.559193
4.65421 -0.213598 0.93148 0.50503 -0.773472
4.9451 0.0755592 0.996685 0.236273 -0.922762
5.23599 0.358368 0.978148 -0.0523366 -0.994522
5.52688 0.611067 0.877426 -0.336548 -0.982721
5.81776 0.812423 0.702981 -0.592482 -0.88835
6.10865 0.945519 0.469472 -0.798635 -0.71934
6.39954 0.999171 0.196516 -0.937687 -0.48989
6.69043 0.968872 -0.09295 -0.997953 -0.219278
6.98132 0.857167 -0.374607 -0.97437 0.0697574
7.27221 0.673443 -0.624789 -0.86892 0.352931
7.56309 0.433134 -0.822475 -0.690462 0.606451
7.85398 0.156435 -0.951057 -0.45399 0.809017
8.14487 -0.133409 -0.999729 -0.179375 0.943608
8.43576 -0.412045 -0.964404 0.110313 0.998917
8.72665 -0.656059 -0.848048 0.390731 0.970296
9.01754 -0.844951 -0.660438 0.638321 0.860149
9.30842 -0.962849 -0.417338 0.832277 0.677732
9.59931 -0.999848 -0.139173 0.956305 0.438372
9.8902 -0.952838 0.150686 0.999983 0.162177
10.1811 -0.82577 0.427884 0.959642 -0.127642
10.472 -0.62932 0.669131 0.83867 -0.406737
10.7629 -0.379994 0.854157 0.647233 -0.651657
11.0538 -0.0987412 0.967415 0.401415 -0.841825
11.3446 0.190809 0.999391 0.121869 -0.961262
11.6355 0.464327 0.947397 -0.167916 -0.999932
11.9264 0.698832 0.815801 -0.443594 -0.954588
12.2173 0.87462 0.615661 -0.681998 -0.829038
12.5082 0.976921 0.363793 -0.863102 -0.633831
12.7991 0.997141 0.0813579 -0.971687 -0.385368
13.09 0.93358 -0.207912 -0.99863 -0.104528
13.3809 0.791579 -0.479714 -0.941666 0.185095
13.6717 0.583069 -0.711209 -0.805584 0.459166
13.9626 0.325568 -0.882948 -0.601814 0.694659
14.2535 0.0407128 -0.9805 -0.347481 0.871785
14.5444 -0.247563 -0.995671 -0.0639516 0.975662
14.8353 -0.515038 -0.927183 0.224953 0.997564
15.1262 -0.739239 -0.780794 0.494953 0.93565
15.4171 -0.90133 -0.568801 0.72337 0.79512
15.708 -0.987689 -0.309017 0.891007 0.587784
15.9989 -0.991061 -0.0232694 0.983781 0.331063
16.2897 -0.911164 0.264433 0.993897 0.046525
16.5806 -0.754708 0.52992 0.920504 -0.241924
16.8715 -0.534843 0.75088 0.76977 -0.510044
17.1624 -0.270039 0.908751 0.55436 -0.73531
17.4533 0.0174533 0.990268 0.292372 -0.898794
17.7442 0.303479 0.988582 0.00581796 -0.986762
18.0351 0.564008 0.903833 -0.281226 -0.99182
18.326 0.777147 0.743145 -0.54464 -0.913545
18.6168 0.924989 0.520016 -0.762292 -0.758513
18.9077 0.995113 0.253196 -0.915896 -0.53975
19.1986 0.981627 -0.0348987 -0.992546 -0.275637
19.4895 0.885663 -0.320063 -0.985801 0.0116372
19.7804 0.715285 -0.578333 -0.896228 0.297932
20.0713 0.484808 -0.788011 -0.731353 0.559194
20.3622 0.213598 -0.93148 -0.50503 0.773472
20.6531 -0.0755594 -0.996685 -0.236273 0.922763
20.944 -0.35837 -0.978147 0.0523373 0.994522
21.2348 -0.611068 -0.877425 0.336548 0.98272
21.5257 -0.812424 -0.702981 0.592482 0.88835
21.8166 -0.945519 -0.469472 0.798636 0.719339
22.1075 -0.999171 -0.196517 0.937687 0.489889
22.3984 -0.968871 0.0929507 0.997953 0.219277
22.6893 -0.857166 0.374607 0.97437 -0.0697581
22.9802 -0.673442 0.624789 0.868919 -0.352932
23.2711 -0.433134 0.822475 0.690462 -0.606452
23.5619 -0.156434 0.951056 0.453991 -0.809017
23.8528 0.133412 0.999729 0.179373 -0.943609
24.1437 0.412046 0.964404 -0.110314 -0.998917
24.4346 0.65606 0.848048 -0.390732 -0.970295
24.7255 0.844951 0.660439 -0.63832 -0.860149
25.0164 0.962849 0.417339 -0.832277 -0.677732
25.3073 0.999848 0.139172 -0.956305 -0.438369
25.5982 0.952838 -0.150686 -0.999983 -0.162176
25.8891 0.825769 -0.427884 -0.959642 0.127643
26.1799 0.62932 -0.66913 -0.83867 0.406737
26.4708 0.379994 -0.854156 -0.647233 0.651658
26.7617 0.0987386 -0.967415 -0.401414 0.841826
27.0526 -0.190811 -0.999391 -0.121868 0.961262
27.3435 -0.464328 -0.947397 0.167917 0.999932
27.6344 -0.698832 -0.815801 0.443593 0.954588
27.9253 -0.874621 -0.61566 0.682 0.829037
28.2162 -0.976922 -0.363792 0.863102 0.633829
28.507 -0.997141 -0.0813581 0.971687 0.385369
28.7979 -0.93358 0.207912 0.998629 0.104527
29.0888 -0.791578 0.479713 0.941666 -0.185094
29.3797 -0.583067 0.711211 0.805583 -0.459167
29.6706 -0.325566 0.882948 0.601812 -0.69466
29.9615 -0.0407112 0.980501 0.34748 -0.871784
30.2524 0.247564 0.995671 0.0639529 -0.975663
30.5433 0.515039 0.927183 -0.224951 -0.997564
30.8342 0.73924 0.780792 -0.494955 -0.935649
31.125 0.90133 0.5688 -0.723369 -0.79512
