0 0.313072
0.290888 0.124818
0.581776 -0.0739245
0.872665 -0.266455
1.16355 -0.436599
1.45444 -0.570058
1.74533 -0.655621
2.03622 -0.686098
2.32711 -0.658928
2.61799 -0.576394
2.90888 -0.445432
3.19977 -0.277043
3.49066 -0.0853776
3.78155 0.113462
4.07243 0.302768
4.36332 0.466635
4.65421 0.591295
4.9451 0.666274
5.23599 0.685272
5.52688 0.646693
5.81776 0.553778
6.10865 0.414334
6.39954 0.240077
6.69043 0.0456486
6.98132 -0.152615
7.27221 -0.338056
7.56309 -0.495093
7.85398 -0.610532
8.14487 -0.674673
8.43576 -0.682128
8.72665 -0.63227
9.01754 -0.529288
9.30842 -0.381834
9.59931 -0.202298
9.8902 -0.00576541
10.1811 0.191252
10.472 0.3722
10.7629 0.521876
11.0538 0.627703
11.3446 0.680789
11.6355 0.676676
11.9264 0.615707
12.2173 0.503006
12.5082 0.348042
12.7991 0.163835
13.09 -0.0341377
13.3809 -0.229242
13.6717 -0.405085
13.9626 -0.546892
14.2535 -0.642749
14.5444 -0.684602
14.8353 -0.668933
15.1262 -0.59706
15.4171 -0.475022
15.708 -0.313072
15.9989 -0.124817
16.2897 0.0739249
16.5806 0.266456
16.8715 0.436599
17.1624 0.570058
17.4533 0.655621
17.7442 0.686098
18.0351 0.658928
18.326 0.576394
18.6168 0.445432
18.9077 0.277043
19.1986 0.0853772
19.4895 -0.113462
19.7804 -0.302768
20.0713 -0.466636
20.3622 -0.591296
20.6531 -0.666274
20.944 -0.685272
21.2348 -0.646693
21.5257 -0.553778
21.8166 -0.414334
22.1075 -0.240077
22.3984 -0.0456483
22.6893 0.152615
22.9802 0.338056
23.2711 0.495093
23.5619 0.610532
23.8528 0.674674
24.1437 0.682128
24.4346 0.63227
24.7255 0.529288
25.0164 0.381835
25.3073 0.202303
25.5982 0.00577804
25.8891 -0.191218
26.1799 -0.372113
26.4708 -0.521666
26.7617 -0.627222
27.0526 -0.679737
27.3435 -0.674483
27.6344 -0.611363
27.9253 -0.49483
28.2162 -0.333445
28.507 -0.139144
28.7979 0.0736517
29.0888 0.288986
29.3797 0.490293
29.6706 0.661293
29.9615 0.786925
30.2524 0.854367
30.5433 0.854168
30.8342 0.781361
31.125 0.636414
