0 0.801403 0.230232 -0.465091 -0.28623
0.290888 0.808933 0.0422792 -0.524079 -0.178587
0.581776 0.748496 -0.149226 -0.539034 -0.0559378
0.872665 0.625169 -0.328193 -0.508698 0.0714111
1.16355 0.449315 -0.479585 -0.43562 0.19276
1.45444 0.235709 -0.590681 -0.325941 0.297913
1.74533 0.00229862 -0.652149 -0.188877 0.378035
2.03622 -0.231305 -0.658822 -0.0359428 0.426394
2.32711 -0.445474 -0.61014 0.120011 0.438927
2.61799 -0.622214 -0.510194 0.265882 0.414581
2.90888 -0.746674 -0.36738 0.389412 0.355401
3.19977 -0.808399 -0.193698 0.480224 0.266361
3.49066 -0.802201 -0.00374265 0.530688 0.15494
3.78155 -0.728602 0.186528 0.536562 0.0305014
4.07243 -0.593784 0.361126 0.497354 -0.0965002
4.36332 -0.409076 0.505382 0.416358 -0.215394
4.65421 -0.189997 0.607175 0.300378 -0.31619
4.9451 0.0450453 0.657953 0.159161 -0.390419
5.23599 0.276303 0.653449 0.00457074 -0.431845
5.52688 0.484346 0.594041 -0.150403 -0.436987
5.81776 0.651693 0.484722 -0.29274 -0.405413
6.10865 0.764284 0.334676 -0.410481 -0.339776
6.39954 0.81266 0.15651 -0.493733 -0.24559
6.69043 0.792755 -0.0348061 -0.535501 -0.130769
6.98132 0.706242 -0.223198 -0.532275 -0.00496189
7.27221 0.56039 -0.392836 -0.484327 0.121263
7.56309 0.367453 -0.529468 -0.395686 0.237299
7.85398 0.143643 -0.621613 -0.273799 0.333397
8.14487 -0.0922368 -0.66153 -0.128907 0.401482
8.43576 -0.320367 -0.645865 0.0268166 0.435835
8.72665 -0.521578 -0.575933 0.180286 0.433568
9.01754 -0.678967 -0.457611 0.318609 0.394873
9.30842 -0.779308 -0.30084 0.430161 0.323
9.59931 -0.814171 -0.118792 0.505571 0.223988
9.8902 -0.780627 0.0732372 0.538502 0.106157
10.1811 -0.681493 0.259113 0.526188 -0.0205941
10.472 -0.5251 0.423218 0.469662 -0.145615
10.7629 -0.324587 0.551763 0.373676 -0.258401
11.0538 -0.0968022 0.633949 0.246293 -0.349475
11.3446 0.139116 0.66287 0.0982159 -0.411187
11.6355 0.363346 0.636095 -0.058113 -0.43835
11.9264 0.557047 0.555876 -0.209559 -0.428682
12.2173 0.703944 0.428951 -0.343398 -0.382997
12.5082 0.791695 0.265985 -0.448385 -0.305132
12.7991 0.812927 0.0806718 -0.515697 -0.201629
13.09 0.765857 -0.11142 -0.53968 -0.0811846
13.3809 0.654438 -0.294151 -0.51832 0.0460805
13.6717 0.488033 -0.452166 -0.453409 0.169474
13.9626 0.280622 -0.572191 -0.350402 0.278628
14.2535 0.0496341 -0.644138 -0.217954 0.364371
14.5444 -0.185525 -0.661965 -0.0671932 0.4195
14.8353 -0.405095 -0.624174 0.0892131 0.439382
15.1262 -0.59063 -0.533938 0.238124 0.422346
15.4171 -0.726538 -0.39884 0.367026 0.369825
15.708 -0.801403 -0.230232 0.465091 0.28623
15.9989 -0.808933 -0.0422789 0.524079 0.178586
16.2897 -0.748495 0.149226 0.539033 0.0559375
16.5806 -0.625169 0.328193 0.508697 -0.0714113
16.8715 -0.449315 0.479585 0.43562 -0.19276
17.1624 -0.235708 0.590682 0.325941 -0.297913
17.4533 -0.00229812 0.652149 0.188877 -0.378035
17.7442 0.231305 0.658822 0.0359425 -0.426394
18.0351 0.445474 0.61014 -0.120011 -0.438927
18.326 0.622214 0.510193 -0.265882 -0.414581
18.6168 0.746675 0.367379 -0.389413 -0.355401
18.9077 0.808399 0.193698 -0.480225 -0.26636
19.1986 0.802201 0.00374239 -0.530688 -0.15494
19.4895 0.728602 -0.186528 -0.536562 -0.0305009
19.7804 0.593783 -0.361126 -0.497353 0.0965009
20.0713 0.409075 -0.505382 -0.416357 0.215395
20.3622 0.189997 -0.607175 -0.300378 0.316192
20.6531 -0.0450457 -0.657953 -0.159161 0.390424
20.944 -0.276303 -0.653449 -0.0045705 0.431856
21.2348 -0.484346 -0.594041 0.150404 0.437009
21.5257 -0.651693 -0.484722 0.292741 0.405457
21.8166 -0.764284 -0.334676 0.410482 0.339862
22.1075 -0.81266 -0.15651 0.493734 0.245755
22.3984 -0.792755 0.0348065 0.535502 0.131077
22.6893 -0.706242 0.223198 0.532279 0.00552047
22.9802 -0.560389 0.392836 0.484336 -0.120275
23.2711 -0.367453 0.529468 0.395707 -0.235599
23.5619 -0.143642 0.621613 0.273844 -0.330551
23.8528 0.0922373 0.66153 0.129003 -0.396849
24.1437 0.320367 0.645865 -0.0266187 -0.428504
24.4346 0.521579 0.575933 -0.179893 -0.422307
24.7255 0.678968 0.457612 -0.317849 -0.378088
25.0164 0.779308 0.300844 -0.428745 -0.298757
25.3073 0.814171 0.118805 -0.503016 -0.190091
25.5982 0.780626 -0.073204 -0.534047 -0.0603417
25.8891 0.681492 -0.259032 -0.518688 0.0803451
26.1799 0.5251 -0.423028 -0.457485 0.220631
26.4708 0.324586 -0.551339 -0.354622 0.348775
26.7617 0.0968017 -0.63304 -0.217599 0.453466
27.0526 -0.139116 -0.661007 -0.0566793 0.524662
27.3435 -0.363344 -0.632445 0.115815 0.55439
27.6344 -0.557039 -0.549049 0.286331 0.537472
27.9253 -0.703917 -0.416779 0.440969 0.472107
28.2162 -0.791608 -0.245329 0.566392 0.360271
28.507 -0.81267 -0.0473522 0.65076 0.207871
28.7979 -0.765145 0.162424 0.684629 0.0246043
29.0888 -0.65261 0.368116 0.661821 -0.176501
29.3797 -0.483677 0.55358 0.580148 -0.379871
29.6706 -0.271026 0.7033 0.441965 -0.568453
29.9615 -0.030146 0.803335 0.254405 -0.725015
30.2524 0.221913 0.842347 0.0292569 -0.833578
30.5433 0.467445 0.812701 -0.217578 -0.880865
30.8342 0.688552 0.711503 -0.467041 -0.857654
31.125 0.867476 0.541403 -0.698243 -0.759902
