0 0.803784 0.230478 -0.469735 -0.288335
0.290888 0.811136 0.0413958 -0.528854 -0.17924
0.581776 0.750336 -0.151164 -0.543537 -0.0550846
0.872665 0.626491 -0.331024 -0.512552 0.0736986
1.16355 0.450008 -0.48307 -0.438502 0.19629
1.45444 0.235715 -0.594528 -0.327609 0.302388
1.74533 0.0016165 -0.656034 -0.189189 0.38308
2.03622 -0.232618 -0.662419 -0.0348741 0.431585
2.32711 -0.447307 -0.613147 0.122371 0.443827
2.61799 -0.624413 -0.512357 0.269335 0.418779
2.90888 -0.749055 -0.368519 0.393669 0.358545
3.19977 -0.810761 -0.193718 0.484926 0.268185
3.49066 -0.804346 -0.00263977 0.53544 0.155292
3.78155 -0.730349 0.18866 0.540965 0.0293514
4.07243 -0.594988 0.364108 0.501038 -0.0990554
4.36332 -0.409635 0.508963 0.419013 -0.21914
4.65421 -0.189864 0.611055 0.301782 -0.320812
4.9451 0.0458597 0.661805 0.159196 -0.395529
5.23599 0.27773 0.65695 0.00323276 -0.437013
5.52688 0.486265 0.596897 -0.153002 -0.441779
5.81776 0.653944 0.486693 -0.29638 -0.409426
6.10865 0.766677 0.335596 -0.414857 -0.342673
6.39954 0.814994 0.156302 -0.498477 -0.247129
6.69043 0.794833 -0.0361254 -0.540215 -0.13082
6.98132 0.707891 -0.225517 -0.536563 -0.00351936
7.27221 0.561471 -0.395961 -0.487829 0.124077
7.56309 0.367875 -0.533135 -0.398106 0.241248
7.85398 0.14337 -0.625515 -0.274935 0.338149
8.14487 -0.093181 -0.665338 -0.128663 0.406638
8.43576 -0.321903 -0.64926 0.0284191 0.440961
8.72665 -0.523579 -0.578629 0.183114 0.438235
9.01754 -0.681262 -0.459382 0.322423 0.398687
9.30842 -0.781706 -0.301537 0.434641 0.325641
9.59931 -0.816469 -0.118357 0.510341 0.225235
9.8902 -0.782633 0.0747681 0.543162 0.105904
10.1811 -0.683038 0.261611 0.530345 -0.0223248
10.472 -0.526055 0.426473 0.472968 -0.148678
10.7629 -0.324871 0.555502 0.375852 -0.262539
11.0538 -0.0963919 0.637857 0.247157 -0.354342
11.3446 0.140187 0.666619 0.0976952 -0.416372
11.6355 0.364986 0.639372 -0.0599749 -0.443418
11.9264 0.55912 0.558403 -0.212606 -0.433208
12.2173 0.706275 0.430517 -0.347374 -0.3866
12.5082 0.794089 0.266458 -0.452955 -0.307508
12.7991 0.815182 0.0800116 -0.520478 -0.20258
13.09 0.767783 -0.113158 -0.54427 -0.0806309
13.3809 0.655874 -0.296819 -0.522332 0.048093
13.6717 0.488858 -0.455542 -0.456508 0.172776
13.9626 0.280768 -0.57599 -0.352327 0.282942
14.2535 0.0490869 -0.648042 -0.218543 0.369335
14.5444 -0.186718 -0.665646 -0.066397 0.424697
14.8353 -0.406835 -0.62732 0.0913277 0.444375
15.1262 -0.592769 -0.536287 0.241379 0.426715
15.4171 -0.728899 -0.400195 0.371149 0.373203
15.708 -0.803785 -0.230478 0.469736 0.288335
15.9989 -0.811136 -0.0413955 0.528854 0.179239
16.2897 -0.750336 0.151165 0.543537 0.0550844
16.5806 -0.626491 0.331024 0.512552 -0.0736988
16.8715 -0.450008 0.48307 0.438502 -0.19629
17.1624 -0.235714 0.594528 0.327609 -0.302388
17.4533 -0.00161611 0.656034 0.189189 -0.38308
17.7442 0.232618 0.662419 0.0348738 -0.431584
18.0351 0.447307 0.613147 -0.122372 -0.443827
18.326 0.624413 0.512357 -0.269335 -0.418779
18.6168 0.749055 0.368519 -0.393669 -0.358544
18.9077 0.810761 0.193717 -0.484926 -0.268185
19.1986 0.804346 0.00263944 -0.53544 -0.155292
19.4895 0.730349 -0.18866 -0.540965 -0.0293512
19.7804 0.594988 -0.364108 -0.501038 0.0990559
20.0713 0.409634 -0.508963 -0.419013 0.21914
20.3622 0.189863 -0.611055 -0.301782 0.320813
20.6531 -0.0458602 -0.661805 -0.159195 0.395533
20.944 -0.27773 -0.65695 -0.00323262 0.437022
21.2348 -0.486265 -0.596897 0.153002 0.441799
21.5257 -0.653944 -0.486693 0.296381 0.409468
21.8166 -0.766677 -0.335595 0.414857 0.342755
22.1075 -0.814994 -0.156301 0.498478 0.247286
22.3984 -0.794833 0.0361257 0.540216 0.131116
22.6893 -0.707891 0.225517 0.536566 0.00405914
22.9802 -0.56147 0.395961 0.487837 -0.123118
23.2711 -0.367875 0.533135 0.398126 -0.239592
23.5619 -0.14337 0.625515 0.274978 -0.335368
23.8528 0.0931814 0.665338 0.128756 -0.402097
24.1437 0.321903 0.649259 -0.0282264 -0.433757
24.4346 0.523579 0.578629 -0.182728 -0.427141
24.7255 0.681263 0.459383 -0.321678 -0.382119
25.0164 0.781706 0.301542 -0.433248 -0.301666
25.3073 0.816469 0.11837 -0.507823 -0.19166
25.5982 0.782632 -0.0747347 -0.538762 -0.0604646
25.8891 0.683038 -0.261529 -0.522927 0.0816509
26.1799 0.526054 -0.426282 -0.460907 0.223226
26.4708 0.324871 -0.555075 -0.35696 0.35241
26.7617 0.0963913 -0.636943 -0.218683 0.457804
27.0526 -0.140187 -0.664748 -0.0564546 0.529307
27.3435 -0.364984 -0.635708 0.117286 0.558927
27.6344 -0.55911 -0.55156 0.28887 0.541503
27.9253 -0.706243 -0.418335 0.444295 0.475293
28.2162 -0.79399 -0.245816 0.570155 0.362369
28.507 -0.814897 -0.0467644 0.654566 0.20876
28.7979 -0.767012 0.163976 0.688091 0.0242996
29.0888 -0.653929 0.37041 0.664596 -0.177847
29.3797 -0.484298 0.556299 0.581986 -0.381985
29.6706 -0.270862 0.706068 0.442738 -0.570972
29.9615 -0.0292056 0.805764 0.254129 -0.727531
30.2524 0.223484 0.84409 0.0280974 -0.835686
30.5433 0.469348 0.813509 -0.219322 -0.88222
30.8342 0.690368 0.711265 -0.468972 -0.85802
31.125 0.868747 0.540175 -0.699907 -0.759194
