0 0.309537
0.290888 0.12679
0.581776 -0.0666096
0.872665 -0.254413
1.16355 -0.420841
1.45444 -0.551908
1.74533 -0.636605
2.03622 -0.667813
2.32711 -0.64291
2.61799 -0.56399
2.90888 -0.437683
3.19977 -0.274601
3.49066 -0.0884472
3.78155 0.105138
4.07243 0.28989
4.36332 0.450285
4.65421 0.572846
4.9451 0.647276
5.23599 0.667322
5.52688 0.631298
5.81776 0.542232
6.10865 0.407608
6.39954 0.238735
6.69043 0.0498043
6.98132 -0.143311
7.27221 -0.324386
7.56309 -0.478205
7.85398 -0.591846
8.14487 -0.655758
8.43576 -0.664573
8.72665 -0.617551
9.01754 -0.518641
9.30842 -0.376154
9.59931 -0.202062
9.8902 -0.0109931
10.1811 0.181
10.472 0.357785
10.7629 0.504508
11.0538 0.608842
11.3446 0.662021
11.6355 0.659576
11.9264 0.601713
12.2173 0.493293
12.5082 0.343426
12.7991 0.164705
13.09 -0.0278556
13.3809 -0.218075
13.6717 -0.389972
13.9626 -0.529103
14.2535 -0.623779
14.5444 -0.666043
14.8353 -0.652347
15.1262 -0.583839
15.4171 -0.466277
15.708 -0.309537
15.9989 -0.12679
16.2897 0.0666099
16.5806 0.254413
16.8715 0.420841
17.1624 0.551909
17.4533 0.636605
17.7442 0.667813
18.0351 0.64291
18.326 0.56399
18.6168 0.437683
18.9077 0.274601
19.1986 0.0884467
19.4895 -0.105139
19.7804 -0.28989
20.0713 -0.450285
20.3622 -0.572846
20.6531 -0.647277
20.944 -0.667322
21.2348 -0.631298
21.5257 -0.542232
21.8166 -0.407608
22.1075 -0.238735
22.3984 -0.049804
22.6893 0.143312
22.9802 0.324386
23.2711 0.478206
23.5619 0.591846
23.8528 0.655758
24.1437 0.664573
24.4346 0.61755
24.7255 0.51864
25.0164 0.376154
25.3073 0.202064
25.5982 0.0110013
25.8891 -0.180974
26.1799 -0.357714
26.4708 -0.504327
26.7617 -0.60841
27.0526 -0.661046
27.3435 -0.657495
27.6344 -0.597514
27.9253 -0.485272
28.2162 -0.328927
28.507 -0.139918
28.7979 0.0678955
29.0888 0.279131
29.3797 0.477738
29.6706 0.647819
29.9615 0.774482
30.2524 0.844802
30.5433 0.848941
30.8342 0.781301
31.125 0.64154
